image: ./k3_planner.pgm
resolution: 0.050000
origin: [-14.2, -16.3, 0.000000]
negate: 0
occupied_thresh: 0.65
free_thresh: 0.196

